# Created by Octave 5.2.0, Sun Feb 16 22:02:03 2020 GMT <unknown@Nex>
# name: maze
# type: matrix
# rows: 6
# columns: 6
 1 1 1 -50 -50 -50
 1 1 -50 1 -50 -50
 1 -50 -50 -50 -50 1
 1 -50 1 -50 1 -50
 -50 -50 1 -50 1 1
 -50 -50 1 1 -50 10


