# Created by Octave 5.2.0, Mon Feb 17 00:16:07 2020 GMT <unknown@Nex>
# name: gridWorld
# type: matrix
# rows: 1
# columns: 25
 -1 -1 -1 -1 -1 -10 -1 -1 -1 -1 -1 -10 -10 -1 -1 -1 -1 -1 -1 -1 -1 -1 -1 -1 100


