# Created by Octave 5.2.0, Sun Feb 16 18:01:08 2020 GMT <unknown@Nex>
# name: maze
# type: matrix
# rows: 12
# columns: 12
 1 -50 -50 1 1 1 1 1 1 -50 1 1
 1 -50 1 1 -50 1 1 1 -50 -50 -50 1
 1 1 1 1 -50 1 1 1 -50 -50 1 1
 -50 -50 1 1 -50 1 -50 -50 1 1 1 1
 -50 -50 1 1 -50 -50 -50 -50 -50 1 1 1
 -50 -50 -50 1 1 -50 -50 1 1 1 1 -50
 1 -50 1 -50 -50 -50 1 1 1 1 -50 -50
 -50 1 1 1 1 1 1 1 -50 -50 1 1
 1 1 1 1 -50 -50 -50 -50 1 1 1 1
 -50 1 -50 1 1 -50 1 -50 1 -50 1 -50
 1 1 -50 1 -50 -50 -50 1 -50 -50 1 -50
 1 1 1 -50 1 -50 -50 -50 1 1 1 10


